滚醋坷老,累篮阂采栏肺 气惯(俺牢),PROFESSION_VOLCANO_SPRINGS,火|0|1|0|0|0|0|0,0,2,1,10,1,1,29246,101418,101697,100000,0,0,0,0,0,0,0,0
滚醋坷老,累篮阂采栏肺 气惯(俺牢),PROFESSION_VOLCANO_SPRINGS,火|0|1|0|0|0|0|0|0|50|0|-50,1,2,1,10,1,1,29246,101697,101686,1000,0,0,0,0,0,0,0,0,0
柳拳戈,利狼 眉仿苞 扁仿阑 老沥樊 家柳矫挪促(傈眉),PROFESSION_SIGN,无|0|1|0|0|0|0|0,2,2,3,10,1,3,29257,101697,101633,200000,20,10,70,0,0,0,0,0,0
酒付百捣,芭措茄款籍阑 冻绢飘妨 瘤苛阂 家券(傈眉),PROFESSION_DOOM,无|1|1|320|240|1000|4700|0|320|240,3,2,3,10,1,3,29267,101697,101640,200000,30,13,60,8,60,5,60,0,0
冰爆术,爆裂的碎冰造成强大的伤害,PROFESSION_ICE_CRACK,冰|1|1|320|240|2700|3800|0|320|240,4,2,3,10,1,1,29253,101697,101651,200000,20,14,70,17,70,0,0,0,0
竿刀父楷,碍仿茄刀阑 利俊霸扒促(俺牢),PROFESSION_ENCLOSE,无|0|1|0|-60|0|0|0|0|60,5,2,1,10,1,1,29264,101697,101643,200000,20,15,70,16,70,17,70,21,70
扼捞飘醋,傈扁面拜阑 淋(俺牢),PROFESSION_SUMMON_THUNDER,电|0|1|0|0|0|0|0,6,2,1,10,1,1,29249,101697,101628,1000,0,0,0,0,0,0,0,0,0
喉府磊靛,利俊霸 厚甫郴覆(傈眉),PROFESSION_STORM,冰|1|0|320|240|1500|4500|0|320|240|,7,2,3,10,1,1,29251,101697,101678,100000,10,6,70,0,0,0,0,0,0
锄脚碍覆,利甸阑 皑傈矫糯(傈眉),PROFESSION_CURRENT,电|0|1|0|0|0|0|0,8,2,3,10,1,1,29250,101697,101624,200000,20,7,70,16,70,0,0,0,0
颇捞绢杭,阂耽捞甫 利俊霸 惯荤(1临),PROFESSION_FIRE_BALL,火|1|1|150|150|1500|4500|0|330|280|420|320|250|180|350|260,9,2,8,10,1,1,29247,101697,101693,100000,10,1,70,0,0,0,0,0,0
扁积面,畔寸乔甫 粹霸窃(俺牢),PROFESSION_BLOOD_WORMS,无|0|1|0|-120|0|0|0|0|120|,10,2,1,12,1,1,29256,101697,101623,100000,10,11,70,0,0,0,0,0,0
乔狼锐积,HP甫扁仿栏肺傈券(磊脚),PROFESSION_BLOOD,无|0|1|0|50|0|0|0|0|100,11,2,5,0,1,2,29255,101697,101689,1000,0,0,0,0,0,0,0,0,0
倔澜拳混,倔澜拳混阑 利俊霸惯荤(俺牢),PROFESSION_ICE_ARROW,冰|0|1|10|-20|0|0|0|10|20,12,2,1,10,1,1,29252,101697,101648,1000,0,0,0,0,0,0,0,0,0
拳锋瘤藕,碍仿茄 阂耽绢府肺 傍拜(俺牢),PROFESSION_FIRE_SPEAR,火|1|1|350|250|3200|4200|1|320|240,13,2,1,10,1,1,29248,101697,101641,200000,20,9,70,15,70,0,0,0,0
葫苛倡荐,倔澜耽绢府甫 冻绢哆覆(俺牢),PROFESSION_ICE_MIRROR,冰|0|1|0|0|0|0|0|0|50|0|-50,14,2,1,10,1,1,29254,101697,101652,100000,10,12,70,0,0,0,0,0,0
拳堪狼寒,阂俊措茄历亲阑 臭咯淋(俺牢),PROFESSION_FIRE_ENCLOSE,炎|效%1|回%3|成%100,15,2,1,10,1,1,29258,101697,101699,1000,0,0,0,0,0,0,0,0,0
傈扁狼寒,傈扁俊 措茄 历亲阑 臭咯淋(俺牢),PROFESSION_THUNDER_ENCLOSE,击|效%1|回%1|成%100,16,2,1,10,1,1,29259,101697,101701,1000,0,0,0,0,0,0,0,0,0
倔澜狼寒,拱俊措茄 历亲阑 臭咯淋(俺牢),PROFESSION_ICE_ENCLOSE,冻|效%1|回%3|成%100,17,2,1,10,1,1,29260,101697,101700,1000,0,0,0,0,0,0,0,0,0
阂狼荐访,阂付过狼 槛访档啊 臭酒咙(菩矫宏),PROFESSION_FIRE_PRACTICE,,18,2,5,0,1,2,29261,101697,101411,100000,10,15,70,0,0,0,0,0,0
傈扁狼访,傈扁付过狼 槛访档啊 臭酒咙(菩矫宏),PROFESSION_THUNDER_PRACTICE,,19,2,5,0,1,2,29262,101697,101411,100000,10,16,70,0,0,0,0,0,0
拱狼荐访,拱付过狼 槛访档啊 臭酒咙(菩矫宏),PROFESSION_ICE_PRACTICE,,20,2,5,0,1,2,29263,101697,101411,100000,10,17,70,0,0,0,0,0,0
庆捞胶飘,雀乔啦惑铰(俺牢),PROFESSION_TRANSPOSE,回%80|回%3,21,2,5,10,1,2,29265,101697,101695,1000,0,0,0,0,0,0,0,0,0
气惯傍拜,老沥犬伏肺 碍拳等傍拜(俺牢),PROFESSION_BRUST,攻%1|倍%1|效%1,22,1,1,7,1,1,29207,101684,101626,1000,0,0,0,0,0,0,0,0,0
歹喉绢琶,老沥犬伏肺 2锅傍拜(俺牢),PROFESSION_CHAIN_ATK,倍%2|次%2|攻%2|效%1,23,1,1,7,1,1,29201,101684,101626,1000,0,0,0,0,0,0,0,0,0
芭窿傍拜,距窍霸 傍拜茄第 促矫茄锅傍拜(俺牢),PROFESSION_CHAIN_ATK_2,倍%2|次%2|攻%2|效%1,24,1,1,13,1,1,29208,101684,101418,100000,10,23,70,0,0,0,0,0,0
雀  乔,雀乔啦 惑铰(菩矫宏),PROFESSION_AVOID,回,25,1,1,0,1,2,29202,101418,101638,1000,0,0,0,0,0,0,0,0,0
芒荐访,芒阑 窜访窃(菩矫宏),PROFESSION_WEAPON_FOCUS,枪,26,1,1,0,1,2,29203,101418,101418,1000,10,37,70,0,0,0,0,0,0
档尝荐访,档尝甫 窜访窃(菩矫宏),PROFESSION_WEAPON_FOCUS,斧,27,1,1,0,1,2,29205,101418,101418,1000,10,37,70,0,0,0,0,0,0
帮豪荐访,帮豪阑 窜访窃(菩矫宏),PROFESSION_WEAPON_FOCUS,棍,28,1,1,0,1,2,29204,101418,101418,1000,10,37,70,0,0,0,0,0,0
劝荐访,劝阑 窜访窃(菩矫宏),PROFESSION_WEAPON_FOCUS,弓,29,3,1,0,1,2,29233,101418,101418,1000,0,0,0,0,0,0,0,0,0
何皋尔荐访,何皋尔阑 窜访窃(菩矫宏),PROFESSION_WEAPON_FOCUS,镖,30,3,1,0,1,2,29234,101418,101418,1000,0,0,0,0,0,0,0,0,0
倒荐访,倒阑 窜访窃(菩矫宏),PROFESSION_WEAPON_FOCUS,石,31,3,1,0,1,2,29231,101418,101418,1000,0,0,0,0,0,0,0,0,0
档尝荐访,静肺雷咀胶甫 窜访窃(菩矫宏),PROFESSION_WEAPON_FOCUS,投,32,3,1,0,1,2,29232,101418,101418,1000,0,0,0,0,0,0,0,0,0
陛碍阂鲍,必厩狼 券版俊辑档 积粮窃(菩矫宏),PROFESSION_REBACK,HP%2,33,1,1,0,1,2,29206,101418,101418,100000,10,34,70,36,70,0,0,0,0
焙吝荐龋,评盔郴 傍拜阑 措脚嘎酒淋(磊脚),PROFESSION_SCAPEGOAT,回%1,34,1,5,5,1,2,29209,101418,101418,1000,0,0,0,0,0,0,0,0,0
硅荐狼柳,老鉴埃 规绢仿阑 憋绊 傍拜仿阑 臭烙(磊脚),PROFESSION_ENRAGE,攻%20|防%10|倍%2|效%1|回%3,35,1,5,20,1,2,29210,101679,101679,100000,10,22,70,0,0,0,0,0,0
龋脚碍扁,规绢仿捞 老鉴埃 坷抚(磊脚),PROFESSION_ENERGY_COLLECT,防%20|敏%10|倍%2|效%1|回%3,36,1,5,10,1,2,29211,101645,101645,1000,0,0,0,0,0,0,0,0,0
笼吝傈捧,傍拜己傍伏捞 坷抚(磊脚),PROFESSION_FOCUS,命%200|倍%2|效%1|回%2,37,1,5,9,1,2,29212,101636,101636,1000,0,0,0,0,0,0,0,0,0
瞒  瘤,规菩肺 利阑傍拜(俺牢),PROFESSION_SHIELD_ATTACK,晕|成%30|效%2|回%2,38,1,1,5,1,1,29213,101631,101631,1000,0,0,0,0,0,0,0,0,0
岿酒玫面,利俊霸 包烹傍拜(包烹),PROFESSION_THROUGH_ATTACK,无|1|1|320|240|0|0|0|320|380|360|340|380|270|490|230|550|200|,39,1,1,21,1,1,29216,101660,101661,200000,20,24,70,35,70,40,70,0,0
荤积搬窜,磷澜狼 老拜(俺牢),PROFESSION_DEAD_ATTACK,命%82|HP%10|倍%2|效%1|回%3,40,1,1,17,1,1,29218,101637,101626,100000,10,37,70,0,0,0,0,0,0
归尔八扁,绊剐档狼 八扁甫 郴徽绰促(1临),PROFESSION_CONVOLUTE,无|1|1|150|150|0|0|0|350|280|500|320|100|150|180|230,41,1,8,28,1,1,29219,101655,101656,200000,20,40,70,0,0,0,0,0,0
气  林,堡盒狼 傈荤肺 倒函(俺牢),PROFESSION_CHAOS,效%2|,42,1,1,28,1,1,29220,101684,0,200000,20,24,70,43,70,0,0,0,0
捞档幅,剧颊俊 公扁甫 甸绊 傈捧(菩矫宏),PROFESSION_DUAL_WEAPON,倍%9|次%9|攻%9|效%2,43,1,1,0,1,2,29214,29201,101418,100000,10,23,70,38,70,0,0,0,0
捞屈券困,鉴埃利栏肺 个阑朝府绰 版脚过狼 茄啊瘤(磊脚),PROFESSION_TRACK,倍%5,44,3,3,13,0,2,29222,101627,101629,1000,0,0,0,0,0,0,0,0,0
雀  乔,雀乔啦 惑铰(磊脚),PROFESSION_ESCAPE,倍%5|降,45,3,3,13,0,2,29228,101629,101638,100000,20,44,70,0,0,0,0,0,0
牢攀臂,唱公狼 谎府肺 利阑 历瘤窃(俺牢),PROFESSION_ENTWINE,缠|成%40|敏%30|效%1|回%5,46,3,1,13,1,2,29227,101698,101682,100000,20,47,70,0,0,0,0,0,0
概  汗,力磊府俊辑 窃沥阑 汲摹窃(磊脚),PROFESSION_TRAP,效%1|回%5,47,3,5,11,1,2,29224,101698,100610,1000,0,0,0,0,0,0,0,0,0
玫扼瘤噶,档噶摹瘤 给窍霸 弊拱阑 祁魔(俺牢),PROFESSION_DRAGNET,罗|成%20|效%1|回%2,48,3,1,11,1,2,29226,101698,101683,200000,20,46,60,0,0,0,0,0,0
尸体掠夺,可从尸体身上掠夺到物品,PROFESSION_PLUNDER,效%1,49,3,10,10,1,2,29230,101698,101411,100000,20,0,0,0,0,0,0,0,0
侩刀贱,公扁俊 刀阑惯扼 傍拜(俺牢),PROFESSION_TOXIN_WEAPON,毒|前|成%20|敏%30|效%1|回%5,50,3,1,5,1,1,29235,101667,101666,100000,20,30,0,31,0,32,0,0,0
距痢傍拜,利狼 距痢阑 傍拜(俺牢),PROFESSION_ATTACK_WEAK,攻%1|前|倍%1|效%1,51,3,1,9,1,1,29239,101698,101681,100000,20,56,70,0,0,0,0,0,0
版拳荐岿,利阑 去鄂矫挪促(俺牢),PROFESSION_INSTIGATE,挑|成%5|敏%10|效%1|回%2,52,3,1,17,1,2,29240,101698,101418,100000,20,56,70,0,0,0,0,0,0
格档,增加格挡敌人攻击之机率,PROFESSION_DEFLECT,,53,1,1,0,1,2,29215,29201,101418,100000,10,25,70,0,0,0,0,0,0
脐绢琶,脐阑 歹 技霸 傍拜(俺牢),PROFESSION_CAVALRY,倍%2|次%2|攻%2|效%1,54,1,1,11,1,1,29217,101684,26518,200000,20,26,0,27,0,28,0,0,0
加工,制作武器装备,PROFESSION_CHAIN_ATK,倍%2|次%2|攻%2|效%1,55,3,1,25,1,2,29221,29221,101418,100000,0,0,0,0,0,0,0,0,0
概趣贱,器裙伏阑 刘啊矫挪促(磊脚),PROFESSION_DOCILE,倍%2|次%2|攻%2|效%1,56,3,1,10,1,2,29223,29221,101625,1000,0,0,0,0,0,0,0,0,0
林付啊祈,崔府绰 富俊 盲嘛龙(措惑),PROFESSION_ENRAGE_PET,攻%20|防%10|倍%2|效%1|回%3,57,3,1,13,1,2,29225,101698,26521,200000,30,51,70,62,60,0,0,0,0
自给自足,自已制作材料,PROFESSION_ENRAGE,攻%20|防%10|倍%2|效%1|回%3,58,3,1,20,1,2,29229,101418,101418,100000,0,0,0,0,0,0,0,0,0
傈扁规绢,傈拜幅 付过俊 历亲捞 积辫,PROFESSION_RESIST_THUNDER,雷|成%100|回%3,59,3,5,14,1,2,29236,101658,101659,200000,20,47,0,0,0,0,0,0,0
阂规绢,阂拌凯 付过俊 历亲捞 积辫,PROFESSION_RESIST_FIRE,火|成%100|回%3,60,3,5,14,1,2,29237,101646,101647,200000,20,47,0,0,0,0,0,0,0
拱规绢,拱拌凯 付过俊 历亲捞 积辫,PROFESSION_RESIST_ICE,冰|成%100|回%3,61,3,5,14,1,2,29238,101653,101654,200000,20,47,0,0,0,0,0,0,0
噶阿狼此,漂荐扁贱阑 葛滴 镭澜(俺牢),PROFESSION_OBLIVION,忘|成%100|回%3,62,3,1,21,1,2,29241,101418,101418,200000,20,52,60,0,0,0,0,0,0
自我强化,提升人物基本耐力,PROFESSION_STRENGTHEN,攻%20|防%10|倍%2|效%1|回%3,63,4,1,0,0,2,29242,101418,101418,1000,-1,0,0,0,0,0,0,0,0
气力充沛,增加人物基本气力值,PROFESSION_FULL_MP,倍%5|升,64,4,1,0,0,2,29243,101627,101629,1000,-1,0,0,0,0,0,0,0,0
负重增加,提升可堆叠之物品堆叠数上限,PROFESSION_STRONG_BACK,倍%5|升,65,4,1,0,0,2,29244,101627,101629,1000,-1,0,0,0,0,0,0,0,0
碍扁老眉,葛电付过甸狼 历亲阑 棵覆,PROFESSION_RESIST_F_I_T,抗|成%100|回%3,66,3,5,14,1,3,29055,101769,101769,200000,20,59,50,60,50,61,50,0,0
脚狼绵汗,HP甫 雀汗(傈眉),PROFESSION_CALL_NATURE,然|1|1|320|240|3200|4200|1|320|240,67,3,2,14,1,1,29056,101773,101654,200000,20,59,50,60,50,61,50,0,0
顶狼柳,顶狼 柳过阑 祁魔,PROFESSION_BOUNDARY,地结界|1|1|320|240|3200|4200|1|320|240,68,3,2,14,1,1,29050,101697,101789,200000,30,66,50,67,50,0,0,0,0
拱狼柳,拱狼 柳过阑 祁魔,PROFESSION_BOUNDARY,水结界|1|1|320|240|3200|4200|1|320|240,69,3,2,14,1,1,29051,101697,101777,200000,30,66,50,67,50,0,0,0,0
阂狼柳,阂狼 柳过阑 祁魔,PROFESSION_BOUNDARY,火结界|1|1|320|240|3200|4200|1|320|240,70,3,2,14,1,1,29052,101697,101783,200000,30,66,50,67,50,0,0,0,0
官恩狼柳,官恩狼 柳过阑 祁魔,PROFESSION_BOUNDARY,风结界|1|1|320|240|3200|4200|1|320|240,71,3,2,14,1,1,29053,101697,101795,200000,30,66,50,67,50,0,0,0,0
柳过颇鲍,措凯阑 儒飘矾 哆覆,PROFESSION_BOUNDARY,破结界|1|2|320|240|3200|4200|1|320|240,72,3,1,10,1,1,29054,101697,101771,200000,30,66,50,67,50,0,0,0,0
拳锋鼻,利俊霸 碍茄 侩狼 阂采阑 徽绰促,PROFESSION_THROUGH_ATTACK,无|1|1|320|240|0|0|0|320|380|360|340|380|270|490|230|550|200|,73,1,1,21,1,1,29216,101641,101642,200000,20,24,70,35,70,40,70,0,0
