#ÆäÆ® ÀÌ¸§, °ñ·Î½º,¸¸¸ð·Î½º,µµ¶óºñ½º,¶ó°í°í, ¾á±â·Î,Ä«Å¸¸£Ä«,°¡°¡·Î½º,°í¸£°í,¿À¸£°ï,¸ð°¡·Î½º, ÈÄ¹ÙÆ¼,¾ÆÅäÄíµ·, Æê12, Æê13, Æê14,  Æê15,  Æê16,  Æê17,  Æê18,  Æê19, Æê20,  Æê21,  Æê22,  Æê23, Æê24,  Æê25,  Æê26, Æê27, Æê28,  Æê29,  Æê30,  Æê31,  Æê32,  Æê33,  Æê34,  Æê35, Æê36, Æê37,  Æê38,  Æê39,  Æê40,  Æê41,  Æê42,  Æê43, Æê44,  Æê45, Æê46,  Æê47,  Æê48, Æê49,  Æê50,  Æê51 , Æê52, Æê53,  Æê54,  Æê55,  Æê56,  Æê57,  Æê58, Æê59,  Æê60,  Æê61, Æê62,  Æê63
Æä Æ® ÀÌ ¸§, 100374, 100358, 100362, 100279, 100288, 100283, 100346, 100310, 100372, 100373, 101532, 101576,     -1,     -1,     -1,     -1,     -1,     -1,     -1,     -1,     -1,     -1,     -1,     -1,     -1,     -1,     -1,     -1,     -1,     -1,     -1,     -1,     -1,     -1,     -1,     -1,     -1,     -1,     -1,     -1,     -1,     -1,     -1,     -1,     -1,     -1,     -1,     -1,     -1,     -1,     -1,     -1,     -1,     -1,     -1,     -1,     -1,     -1,     -1,     -1,     -1,     -1,     -1,     -1
²¿ ¸Í ÀÌ ³², 101305, 101306, 101307, 101308, 101309, 101310, 101311, 101312, 101008, 101009, 101978, 101989,     -1,     -1,     -1,     -1,     -1,     -1,     -1,     -1,     -1,     -1,     -1,     -1,     -1,     -1,     -1,     -1,     -1,     -1,     -1,     -1,     -1,     -1,     -1,     -1,     -1,     -1,     -1,     -1,     -1,     -1,     -1,     -1,     -1,     -1,     -1,     -1,     -1,     -1,     -1,     -1,     -1,     -1,     -1,     -1,     -1,     -1,     -1,     -1,     -1,     -1,     -1,     -1
¼® ±â ¹Ì ³², 101313, 101314, 101315, 101316, 101317, 101318, 101319, 101320, 101018, 101019, 101986, 101988,     -1,     -1,     -1,     -1,     -1,     -1,     -1,     -1,     -1,     -1,     -1,     -1,     -1,     -1,     -1,     -1,     -1,     -1,     -1,     -1,     -1,     -1,     -1,     -1,     -1,     -1,     -1,     -1,     -1,     -1,     -1,     -1,     -1,     -1,     -1,     -1,     -1,     -1,     -1,     -1,     -1,     -1,     -1,     -1,     -1,     -1,     -1,     -1,     -1,     -1,     -1,     -1
¾î¸®¹ö¸®¸Ç, 101321, 101322, 101323, 101324, 101325, 101326, 101327, 101328, 101028, 101029, 101975, 101965,     -1,     -1,     -1,     -1,     -1,     -1,     -1,     -1,     -1,     -1,     -1,     -1,     -1,     -1,     -1,     -1,     -1,     -1,     -1,     -1,     -1,     -1,     -1,     -1,     -1,     -1,     -1,     -1,     -1,     -1,     -1,     -1,     -1,     -1,     -1,     -1,     -1,     -1,     -1,     -1,     -1,     -1,     -1,     -1,     -1,     -1,     -1,     -1,     -1,     -1,     -1,     -1
ºÒ ·® ¼Ò ³â, 101329, 101330, 101331, 101332, 101333, 101334, 101335, 101336, 101038, 101039, 101976, 101966,     -1,     -1,     -1,     -1,     -1,     -1,     -1,     -1,     -1,     -1,     -1,     -1,     -1,     -1,     -1,     -1,     -1,     -1,     -1,     -1,     -1,     -1,     -1,     -1,     -1,     -1,     -1,     -1,     -1,     -1,     -1,     -1,     -1,     -1,     -1,     -1,     -1,     -1,     -1,     -1,     -1,     -1,     -1,     -1,     -1,     -1,     -1,     -1,     -1,     -1,     -1,     -1
°õ ¾Æ Àú ¾¾, 101337, 101338, 101339, 101340, 101341, 101342, 101343, 101344, 101048, 101049, 101984, 101973,     -1,     -1,     -1,     -1,     -1,     -1,     -1,     -1,     -1,     -1,     -1,     -1,     -1,     -1,     -1,     -1,     -1,     -1,     -1,     -1,     -1,     -1,     -1,     -1,     -1,     -1,     -1,     -1,     -1,     -1,     -1,     -1,     -1,     -1,     -1,     -1,     -1,     -1,     -1,     -1,     -1,     -1,     -1,     -1,     -1,     -1,     -1,     -1,     -1,     -1,     -1,     -1
ÀÎµð¾ðµ¹¼è, 101345, 101346, 101347, 101348, 101349, 101350, 101351, 101352, 101058, 101059, 101985, 101974,     -1,     -1,     -1,     -1,     -1,     -1,     -1,     -1,     -1,     -1,     -1,     -1,     -1,     -1,     -1,     -1,     -1,     -1,     -1,     -1,     -1,     -1,     -1,     -1,     -1,     -1,     -1,     -1,     -1,     -1,     -1,     -1,     -1,     -1,     -1,     -1,     -1,     -1,     -1,     -1,     -1,     -1,     -1,     -1,     -1,     -1,     -1,     -1,     -1,     -1,     -1,     -1
²¿ ¸Í ÀÌ ¿©, 101353, 101354, 101355, 101356, 101357, 101358, 101359, 101360, 101068, 101069, 101977, 101967,     -1,     -1,     -1,     -1,     -1,     -1,     -1,     -1,     -1,     -1,     -1,     -1,     -1,     -1,     -1,     -1,     -1,     -1,     -1,     -1,     -1,     -1,     -1,     -1,     -1,     -1,     -1,     -1,     -1,     -1,     -1,     -1,     -1,     -1,     -1,     -1,     -1,     -1,     -1,     -1,     -1,     -1,     -1,     -1,     -1,     -1,     -1,     -1,     -1,     -1,     -1,     -1
¹° °³ ¼Ò ³à, 101361, 101362, 101363, 101364, 101365, 101366, 101367, 101368, 101078, 101079, 101979, 101968,     -1,     -1,     -1,     -1,     -1,     -1,     -1,     -1,     -1,     -1,     -1,     -1,     -1,     -1,     -1,     -1,     -1,     -1,     -1,     -1,     -1,     -1,     -1,     -1,     -1,     -1,     -1,     -1,     -1,     -1,     -1,     -1,     -1,     -1,     -1,     -1,     -1,     -1,     -1,     -1,     -1,     -1,     -1,     -1,     -1,     -1,     -1,     -1,     -1,     -1,     -1,     -1
³» ¼þ ¼Ò ³à, 101369, 101370, 101371, 101372, 101373, 101374, 101375, 101376, 101088, 101089, 101981, 101970,     -1,     -1,     -1,     -1,     -1,     -1,     -1,     -1,     -1,     -1,     -1,     -1,     -1,     -1,     -1,     -1,     -1,     -1,     -1,     -1,     -1,     -1,     -1,     -1,     -1,     -1,     -1,     -1,     -1,     -1,     -1,     -1,     -1,     -1,     -1,     -1,     -1,     -1,     -1,     -1,     -1,     -1,     -1,     -1,     -1,     -1,     -1,     -1,     -1,     -1,     -1,     -1
±Í ¿° µÕ ÀÌ, 101377, 101378, 101379, 101380, 101381, 101382, 101383, 101384, 101098, 101099, 101980, 101969,     -1,     -1,     -1,     -1,     -1,     -1,     -1,     -1,     -1,     -1,     -1,     -1,     -1,     -1,     -1,     -1,     -1,     -1,     -1,     -1,     -1,     -1,     -1,     -1,     -1,     -1,     -1,     -1,     -1,     -1,     -1,     -1,     -1,     -1,     -1,     -1,     -1,     -1,     -1,     -1,     -1,     -1,     -1,     -1,     -1,     -1,     -1,     -1,     -1,     -1,     -1,     -1
ÅÍ ÇÁ ¼Ò ³à, 101385, 101386, 101387, 101388, 101389, 101390, 101391, 101392, 101108, 101109, 101983, 101972,     -1,     -1,     -1,     -1,     -1,     -1,     -1,     -1,     -1,     -1,     -1,     -1,     -1,     -1,     -1,     -1,     -1,     -1,     -1,     -1,     -1,     -1,     -1,     -1,     -1,     -1,     -1,     -1,     -1,     -1,     -1,     -1,     -1,     -1,     -1,     -1,     -1,     -1,     -1,     -1,     -1,     -1,     -1,     -1,     -1,     -1,     -1,     -1,     -1,     -1,     -1,     -1
¸öÂ¯¾ÆÁÜ¸¶, 101393, 101394, 101395, 101396, 101397, 101398, 101399, 101400, 101118, 101119, 101982, 101971,     -1,     -1,     -1,     -1,     -1,     -1,     -1,     -1,     -1,     -1,     -1,     -1,     -1,     -1,     -1,     -1,     -1,     -1,     -1,     -1,     -1,     -1,     -1,     -1,     -1,     -1,     -1,     -1,     -1,     -1,     -1,     -1,     -1,     -1,     -1,     -1,     -1,     -1,     -1,     -1,     -1,     -1,     -1,     -1,     -1,     -1,     -1,     -1,     -1,     -1,     -1,     -1